{
 "cells": [
  {
   "cell_type": "markdown",
   "id": "ba694513",
   "metadata": {},
   "source": [
    "# Intuit / Quicken Quickbooks Group Assignment\n",
    "Class: Marketing Analytics (EWMBA263 -1)\n",
    "Team: Albert Deng, Peter Pang, Alex Im, and DJ Prahladka"
   ]
  },
  {
   "cell_type": "markdown",
   "id": "9341690e",
   "metadata": {},
   "source": [
    "## 0. Data Initialization"
   ]
  },
  {
   "cell_type": "markdown",
   "id": "f8718622",
   "metadata": {},
   "source": [
    "Import data and look at the variables available"
   ]
  },
  {
   "cell_type": "code",
   "execution_count": 1,
   "id": "2de44129",
   "metadata": {},
   "outputs": [
    {
     "name": "stderr",
     "output_type": "stream",
     "text": [
      "c:\\Users\\alber\\Anaconda3\\lib\\site-packages\\statsmodels\\compat\\pandas.py:56: FutureWarning: The pandas.core.datetools module is deprecated and will be removed in a future version. Please use the pandas.tseries module instead.\n",
      "  from pandas.core import datetools\n"
     ]
    },
    {
     "data": {
      "text/html": [
       "<div>\n",
       "<style>\n",
       "    .dataframe thead tr:only-child th {\n",
       "        text-align: right;\n",
       "    }\n",
       "\n",
       "    .dataframe thead th {\n",
       "        text-align: left;\n",
       "    }\n",
       "\n",
       "    .dataframe tbody tr th {\n",
       "        vertical-align: top;\n",
       "    }\n",
       "</style>\n",
       "<table border=\"1\" class=\"dataframe\">\n",
       "  <thead>\n",
       "    <tr style=\"text-align: right;\">\n",
       "      <th></th>\n",
       "      <th>id</th>\n",
       "      <th>sex</th>\n",
       "      <th>bizflag</th>\n",
       "      <th>zip</th>\n",
       "      <th>zip_bins</th>\n",
       "      <th>numords</th>\n",
       "      <th>dollars</th>\n",
       "      <th>last</th>\n",
       "      <th>sincepurch</th>\n",
       "      <th>version1</th>\n",
       "      <th>owntaxprod</th>\n",
       "      <th>upgraded</th>\n",
       "      <th>res1</th>\n",
       "    </tr>\n",
       "  </thead>\n",
       "  <tbody>\n",
       "    <tr>\n",
       "      <th>0</th>\n",
       "      <td>1</td>\n",
       "      <td>U</td>\n",
       "      <td>1</td>\n",
       "      <td>99999</td>\n",
       "      <td>20</td>\n",
       "      <td>1</td>\n",
       "      <td>129.5</td>\n",
       "      <td>11</td>\n",
       "      <td>1</td>\n",
       "      <td>0</td>\n",
       "      <td>0</td>\n",
       "      <td>0</td>\n",
       "      <td>0</td>\n",
       "    </tr>\n",
       "    <tr>\n",
       "      <th>1</th>\n",
       "      <td>2</td>\n",
       "      <td>U</td>\n",
       "      <td>1</td>\n",
       "      <td>99999</td>\n",
       "      <td>20</td>\n",
       "      <td>2</td>\n",
       "      <td>65.0</td>\n",
       "      <td>4</td>\n",
       "      <td>14</td>\n",
       "      <td>0</td>\n",
       "      <td>0</td>\n",
       "      <td>0</td>\n",
       "      <td>0</td>\n",
       "    </tr>\n",
       "    <tr>\n",
       "      <th>2</th>\n",
       "      <td>3</td>\n",
       "      <td>U</td>\n",
       "      <td>1</td>\n",
       "      <td>99999</td>\n",
       "      <td>20</td>\n",
       "      <td>1</td>\n",
       "      <td>24.5</td>\n",
       "      <td>13</td>\n",
       "      <td>36</td>\n",
       "      <td>1</td>\n",
       "      <td>0</td>\n",
       "      <td>0</td>\n",
       "      <td>0</td>\n",
       "    </tr>\n",
       "    <tr>\n",
       "      <th>3</th>\n",
       "      <td>4</td>\n",
       "      <td>U</td>\n",
       "      <td>1</td>\n",
       "      <td>99999</td>\n",
       "      <td>20</td>\n",
       "      <td>1</td>\n",
       "      <td>80.5</td>\n",
       "      <td>5</td>\n",
       "      <td>19</td>\n",
       "      <td>1</td>\n",
       "      <td>0</td>\n",
       "      <td>0</td>\n",
       "      <td>0</td>\n",
       "    </tr>\n",
       "    <tr>\n",
       "      <th>4</th>\n",
       "      <td>5</td>\n",
       "      <td>U</td>\n",
       "      <td>1</td>\n",
       "      <td>99999</td>\n",
       "      <td>20</td>\n",
       "      <td>1</td>\n",
       "      <td>111.0</td>\n",
       "      <td>14</td>\n",
       "      <td>7</td>\n",
       "      <td>0</td>\n",
       "      <td>0</td>\n",
       "      <td>0</td>\n",
       "      <td>0</td>\n",
       "    </tr>\n",
       "    <tr>\n",
       "      <th>5</th>\n",
       "      <td>6</td>\n",
       "      <td>U</td>\n",
       "      <td>1</td>\n",
       "      <td>99999</td>\n",
       "      <td>20</td>\n",
       "      <td>1</td>\n",
       "      <td>61.5</td>\n",
       "      <td>14</td>\n",
       "      <td>20</td>\n",
       "      <td>0</td>\n",
       "      <td>0</td>\n",
       "      <td>1</td>\n",
       "      <td>0</td>\n",
       "    </tr>\n",
       "    <tr>\n",
       "      <th>6</th>\n",
       "      <td>7</td>\n",
       "      <td>U</td>\n",
       "      <td>1</td>\n",
       "      <td>99999</td>\n",
       "      <td>20</td>\n",
       "      <td>1</td>\n",
       "      <td>56.0</td>\n",
       "      <td>5</td>\n",
       "      <td>27</td>\n",
       "      <td>0</td>\n",
       "      <td>0</td>\n",
       "      <td>1</td>\n",
       "      <td>0</td>\n",
       "    </tr>\n",
       "    <tr>\n",
       "      <th>7</th>\n",
       "      <td>8</td>\n",
       "      <td>U</td>\n",
       "      <td>1</td>\n",
       "      <td>99999</td>\n",
       "      <td>20</td>\n",
       "      <td>1</td>\n",
       "      <td>39.5</td>\n",
       "      <td>4</td>\n",
       "      <td>2</td>\n",
       "      <td>0</td>\n",
       "      <td>0</td>\n",
       "      <td>0</td>\n",
       "      <td>0</td>\n",
       "    </tr>\n",
       "    <tr>\n",
       "      <th>8</th>\n",
       "      <td>9</td>\n",
       "      <td>U</td>\n",
       "      <td>1</td>\n",
       "      <td>99999</td>\n",
       "      <td>20</td>\n",
       "      <td>1</td>\n",
       "      <td>22.0</td>\n",
       "      <td>17</td>\n",
       "      <td>1</td>\n",
       "      <td>0</td>\n",
       "      <td>0</td>\n",
       "      <td>0</td>\n",
       "      <td>1</td>\n",
       "    </tr>\n",
       "    <tr>\n",
       "      <th>9</th>\n",
       "      <td>10</td>\n",
       "      <td>U</td>\n",
       "      <td>1</td>\n",
       "      <td>99999</td>\n",
       "      <td>20</td>\n",
       "      <td>2</td>\n",
       "      <td>113.0</td>\n",
       "      <td>7</td>\n",
       "      <td>15</td>\n",
       "      <td>0</td>\n",
       "      <td>0</td>\n",
       "      <td>0</td>\n",
       "      <td>0</td>\n",
       "    </tr>\n",
       "  </tbody>\n",
       "</table>\n",
       "</div>"
      ],
      "text/plain": [
       "   id sex  bizflag    zip  zip_bins  numords  dollars  last  sincepurch  \\\n",
       "0   1   U        1  99999        20        1    129.5    11           1   \n",
       "1   2   U        1  99999        20        2     65.0     4          14   \n",
       "2   3   U        1  99999        20        1     24.5    13          36   \n",
       "3   4   U        1  99999        20        1     80.5     5          19   \n",
       "4   5   U        1  99999        20        1    111.0    14           7   \n",
       "5   6   U        1  99999        20        1     61.5    14          20   \n",
       "6   7   U        1  99999        20        1     56.0     5          27   \n",
       "7   8   U        1  99999        20        1     39.5     4           2   \n",
       "8   9   U        1  99999        20        1     22.0    17           1   \n",
       "9  10   U        1  99999        20        2    113.0     7          15   \n",
       "\n",
       "   version1  owntaxprod  upgraded  res1  \n",
       "0         0           0         0     0  \n",
       "1         0           0         0     0  \n",
       "2         1           0         0     0  \n",
       "3         1           0         0     0  \n",
       "4         0           0         0     0  \n",
       "5         0           0         1     0  \n",
       "6         0           0         1     0  \n",
       "7         0           0         0     0  \n",
       "8         0           0         0     1  \n",
       "9         0           0         0     0  "
      ]
     },
     "execution_count": 1,
     "metadata": {},
     "output_type": "execute_result"
    }
   ],
   "source": [
    "import pandas\n",
    "import shared.mba263 as mba263\n",
    "import matplotlib.pyplot as plt\n",
    "import numpy as np\n",
    "\n",
    "data = pandas.read_csv('shared/intuit.csv')\n",
    "data.head(10)"
   ]
  },
  {
   "cell_type": "code",
   "execution_count": 2,
   "id": "0f585bcd",
   "metadata": {
    "scrolled": true
   },
   "outputs": [
    {
     "data": {
      "text/html": [
       "<div>\n",
       "<style>\n",
       "    .dataframe thead tr:only-child th {\n",
       "        text-align: right;\n",
       "    }\n",
       "\n",
       "    .dataframe thead th {\n",
       "        text-align: left;\n",
       "    }\n",
       "\n",
       "    .dataframe tbody tr th {\n",
       "        vertical-align: top;\n",
       "    }\n",
       "</style>\n",
       "<table border=\"1\" class=\"dataframe\">\n",
       "  <thead>\n",
       "    <tr style=\"text-align: right;\">\n",
       "      <th></th>\n",
       "      <th>id</th>\n",
       "      <th>bizflag</th>\n",
       "      <th>zip</th>\n",
       "      <th>zip_bins</th>\n",
       "      <th>numords</th>\n",
       "      <th>dollars</th>\n",
       "      <th>last</th>\n",
       "      <th>sincepurch</th>\n",
       "      <th>version1</th>\n",
       "      <th>owntaxprod</th>\n",
       "      <th>upgraded</th>\n",
       "      <th>res1</th>\n",
       "    </tr>\n",
       "  </thead>\n",
       "  <tbody>\n",
       "    <tr>\n",
       "      <th>count</th>\n",
       "      <td>20000.000000</td>\n",
       "      <td>20000.000000</td>\n",
       "      <td>20000.0000</td>\n",
       "      <td>20000.000000</td>\n",
       "      <td>20000.000000</td>\n",
       "      <td>20000.000000</td>\n",
       "      <td>20000.000000</td>\n",
       "      <td>20000.000000</td>\n",
       "      <td>20000.000000</td>\n",
       "      <td>20000.000000</td>\n",
       "      <td>20000.000000</td>\n",
       "      <td>20000.000000</td>\n",
       "    </tr>\n",
       "    <tr>\n",
       "      <th>mean</th>\n",
       "      <td>10000.500000</td>\n",
       "      <td>0.244400</td>\n",
       "      <td>54350.2613</td>\n",
       "      <td>10.499000</td>\n",
       "      <td>2.079450</td>\n",
       "      <td>93.581000</td>\n",
       "      <td>15.779650</td>\n",
       "      <td>15.751400</td>\n",
       "      <td>0.208250</td>\n",
       "      <td>0.027100</td>\n",
       "      <td>0.215600</td>\n",
       "      <td>0.048050</td>\n",
       "    </tr>\n",
       "    <tr>\n",
       "      <th>std</th>\n",
       "      <td>5773.647028</td>\n",
       "      <td>0.429742</td>\n",
       "      <td>32776.4059</td>\n",
       "      <td>5.766755</td>\n",
       "      <td>1.246361</td>\n",
       "      <td>82.601398</td>\n",
       "      <td>9.527331</td>\n",
       "      <td>10.020435</td>\n",
       "      <td>0.406067</td>\n",
       "      <td>0.162379</td>\n",
       "      <td>0.411248</td>\n",
       "      <td>0.213877</td>\n",
       "    </tr>\n",
       "    <tr>\n",
       "      <th>min</th>\n",
       "      <td>1.000000</td>\n",
       "      <td>0.000000</td>\n",
       "      <td>0.0000</td>\n",
       "      <td>1.000000</td>\n",
       "      <td>1.000000</td>\n",
       "      <td>1.000000</td>\n",
       "      <td>1.000000</td>\n",
       "      <td>1.000000</td>\n",
       "      <td>0.000000</td>\n",
       "      <td>0.000000</td>\n",
       "      <td>0.000000</td>\n",
       "      <td>0.000000</td>\n",
       "    </tr>\n",
       "    <tr>\n",
       "      <th>25%</th>\n",
       "      <td>5000.750000</td>\n",
       "      <td>0.000000</td>\n",
       "      <td>23451.0000</td>\n",
       "      <td>5.000000</td>\n",
       "      <td>1.000000</td>\n",
       "      <td>37.000000</td>\n",
       "      <td>8.000000</td>\n",
       "      <td>7.000000</td>\n",
       "      <td>0.000000</td>\n",
       "      <td>0.000000</td>\n",
       "      <td>0.000000</td>\n",
       "      <td>0.000000</td>\n",
       "    </tr>\n",
       "    <tr>\n",
       "      <th>50%</th>\n",
       "      <td>10000.500000</td>\n",
       "      <td>0.000000</td>\n",
       "      <td>55402.5000</td>\n",
       "      <td>10.500000</td>\n",
       "      <td>2.000000</td>\n",
       "      <td>71.000000</td>\n",
       "      <td>15.000000</td>\n",
       "      <td>15.000000</td>\n",
       "      <td>0.000000</td>\n",
       "      <td>0.000000</td>\n",
       "      <td>0.000000</td>\n",
       "      <td>0.000000</td>\n",
       "    </tr>\n",
       "    <tr>\n",
       "      <th>75%</th>\n",
       "      <td>15000.250000</td>\n",
       "      <td>0.000000</td>\n",
       "      <td>89018.7500</td>\n",
       "      <td>15.250000</td>\n",
       "      <td>3.000000</td>\n",
       "      <td>124.500000</td>\n",
       "      <td>24.000000</td>\n",
       "      <td>24.000000</td>\n",
       "      <td>0.000000</td>\n",
       "      <td>0.000000</td>\n",
       "      <td>0.000000</td>\n",
       "      <td>0.000000</td>\n",
       "    </tr>\n",
       "    <tr>\n",
       "      <th>max</th>\n",
       "      <td>20000.000000</td>\n",
       "      <td>1.000000</td>\n",
       "      <td>99999.0000</td>\n",
       "      <td>20.000000</td>\n",
       "      <td>5.000000</td>\n",
       "      <td>937.500000</td>\n",
       "      <td>36.000000</td>\n",
       "      <td>36.000000</td>\n",
       "      <td>1.000000</td>\n",
       "      <td>1.000000</td>\n",
       "      <td>1.000000</td>\n",
       "      <td>1.000000</td>\n",
       "    </tr>\n",
       "  </tbody>\n",
       "</table>\n",
       "</div>"
      ],
      "text/plain": [
       "                 id       bizflag         zip      zip_bins       numords  \\\n",
       "count  20000.000000  20000.000000  20000.0000  20000.000000  20000.000000   \n",
       "mean   10000.500000      0.244400  54350.2613     10.499000      2.079450   \n",
       "std     5773.647028      0.429742  32776.4059      5.766755      1.246361   \n",
       "min        1.000000      0.000000      0.0000      1.000000      1.000000   \n",
       "25%     5000.750000      0.000000  23451.0000      5.000000      1.000000   \n",
       "50%    10000.500000      0.000000  55402.5000     10.500000      2.000000   \n",
       "75%    15000.250000      0.000000  89018.7500     15.250000      3.000000   \n",
       "max    20000.000000      1.000000  99999.0000     20.000000      5.000000   \n",
       "\n",
       "            dollars          last    sincepurch      version1    owntaxprod  \\\n",
       "count  20000.000000  20000.000000  20000.000000  20000.000000  20000.000000   \n",
       "mean      93.581000     15.779650     15.751400      0.208250      0.027100   \n",
       "std       82.601398      9.527331     10.020435      0.406067      0.162379   \n",
       "min        1.000000      1.000000      1.000000      0.000000      0.000000   \n",
       "25%       37.000000      8.000000      7.000000      0.000000      0.000000   \n",
       "50%       71.000000     15.000000     15.000000      0.000000      0.000000   \n",
       "75%      124.500000     24.000000     24.000000      0.000000      0.000000   \n",
       "max      937.500000     36.000000     36.000000      1.000000      1.000000   \n",
       "\n",
       "           upgraded          res1  \n",
       "count  20000.000000  20000.000000  \n",
       "mean       0.215600      0.048050  \n",
       "std        0.411248      0.213877  \n",
       "min        0.000000      0.000000  \n",
       "25%        0.000000      0.000000  \n",
       "50%        0.000000      0.000000  \n",
       "75%        0.000000      0.000000  \n",
       "max        1.000000      1.000000  "
      ]
     },
     "execution_count": 2,
     "metadata": {},
     "output_type": "execute_result"
    }
   ],
   "source": [
    "data.describe()"
   ]
  },
  {
   "cell_type": "markdown",
   "id": "914f4b0b",
   "metadata": {},
   "source": [
    "## 1. Data Selection and Analysis\n",
    "### a) Data Transformation"
   ]
  },
  {
   "cell_type": "markdown",
   "id": "94254f4a",
   "metadata": {},
   "source": [
    "Add additional variables and define scope for evaluation"
   ]
  },
  {
   "cell_type": "code",
   "execution_count": 3,
   "id": "d06c531e",
   "metadata": {},
   "outputs": [
    {
     "data": {
      "text/html": [
       "<div>\n",
       "<style>\n",
       "    .dataframe thead tr:only-child th {\n",
       "        text-align: right;\n",
       "    }\n",
       "\n",
       "    .dataframe thead th {\n",
       "        text-align: left;\n",
       "    }\n",
       "\n",
       "    .dataframe tbody tr th {\n",
       "        vertical-align: top;\n",
       "    }\n",
       "</style>\n",
       "<table border=\"1\" class=\"dataframe\">\n",
       "  <thead>\n",
       "    <tr style=\"text-align: right;\">\n",
       "      <th></th>\n",
       "      <th>id</th>\n",
       "      <th>bizflag</th>\n",
       "      <th>zip</th>\n",
       "      <th>zip_bins</th>\n",
       "      <th>numords</th>\n",
       "      <th>dollars</th>\n",
       "      <th>last</th>\n",
       "      <th>sincepurch</th>\n",
       "      <th>version1</th>\n",
       "      <th>owntaxprod</th>\n",
       "      <th>upgraded</th>\n",
       "      <th>res1</th>\n",
       "      <th>sex_B</th>\n",
       "      <th>sex_F</th>\n",
       "      <th>sex_M</th>\n",
       "      <th>sex_U</th>\n",
       "      <th>r_decile</th>\n",
       "      <th>f_decile</th>\n",
       "      <th>m_decile</th>\n",
       "    </tr>\n",
       "  </thead>\n",
       "  <tbody>\n",
       "    <tr>\n",
       "      <th>id</th>\n",
       "      <td>1.000000</td>\n",
       "      <td>0.019549</td>\n",
       "      <td>0.951592</td>\n",
       "      <td>0.950288</td>\n",
       "      <td>0.011851</td>\n",
       "      <td>0.002533</td>\n",
       "      <td>-0.008602</td>\n",
       "      <td>-0.004941</td>\n",
       "      <td>-0.010066</td>\n",
       "      <td>0.003038</td>\n",
       "      <td>-0.002295</td>\n",
       "      <td>-0.067746</td>\n",
       "      <td>-0.009454</td>\n",
       "      <td>0.042165</td>\n",
       "      <td>-0.042447</td>\n",
       "      <td>0.010227</td>\n",
       "      <td>-0.006898</td>\n",
       "      <td>-0.011224</td>\n",
       "      <td>-0.008712</td>\n",
       "    </tr>\n",
       "    <tr>\n",
       "      <th>bizflag</th>\n",
       "      <td>0.019549</td>\n",
       "      <td>1.000000</td>\n",
       "      <td>0.020482</td>\n",
       "      <td>0.019832</td>\n",
       "      <td>0.004448</td>\n",
       "      <td>-0.002881</td>\n",
       "      <td>0.001381</td>\n",
       "      <td>0.000281</td>\n",
       "      <td>-0.003704</td>\n",
       "      <td>0.005399</td>\n",
       "      <td>0.004286</td>\n",
       "      <td>-0.012441</td>\n",
       "      <td>-0.026705</td>\n",
       "      <td>0.012127</td>\n",
       "      <td>-0.236845</td>\n",
       "      <td>0.321975</td>\n",
       "      <td>0.001927</td>\n",
       "      <td>-0.004251</td>\n",
       "      <td>0.005362</td>\n",
       "    </tr>\n",
       "    <tr>\n",
       "      <th>zip</th>\n",
       "      <td>0.951592</td>\n",
       "      <td>0.020482</td>\n",
       "      <td>1.000000</td>\n",
       "      <td>0.991646</td>\n",
       "      <td>0.010041</td>\n",
       "      <td>-0.000290</td>\n",
       "      <td>-0.012345</td>\n",
       "      <td>-0.003814</td>\n",
       "      <td>-0.009068</td>\n",
       "      <td>0.007811</td>\n",
       "      <td>-0.000025</td>\n",
       "      <td>-0.066572</td>\n",
       "      <td>-0.013720</td>\n",
       "      <td>0.034798</td>\n",
       "      <td>-0.042820</td>\n",
       "      <td>0.020208</td>\n",
       "      <td>-0.010549</td>\n",
       "      <td>-0.009770</td>\n",
       "      <td>-0.005755</td>\n",
       "    </tr>\n",
       "    <tr>\n",
       "      <th>zip_bins</th>\n",
       "      <td>0.950288</td>\n",
       "      <td>0.019832</td>\n",
       "      <td>0.991646</td>\n",
       "      <td>1.000000</td>\n",
       "      <td>0.010408</td>\n",
       "      <td>0.000031</td>\n",
       "      <td>-0.011061</td>\n",
       "      <td>-0.004327</td>\n",
       "      <td>-0.010363</td>\n",
       "      <td>0.008039</td>\n",
       "      <td>0.000302</td>\n",
       "      <td>-0.066915</td>\n",
       "      <td>-0.010725</td>\n",
       "      <td>0.034556</td>\n",
       "      <td>-0.044303</td>\n",
       "      <td>0.022168</td>\n",
       "      <td>-0.009526</td>\n",
       "      <td>-0.009763</td>\n",
       "      <td>-0.006010</td>\n",
       "    </tr>\n",
       "    <tr>\n",
       "      <th>numords</th>\n",
       "      <td>0.011851</td>\n",
       "      <td>0.004448</td>\n",
       "      <td>0.010041</td>\n",
       "      <td>0.010408</td>\n",
       "      <td>1.000000</td>\n",
       "      <td>0.583424</td>\n",
       "      <td>-0.135637</td>\n",
       "      <td>0.010710</td>\n",
       "      <td>0.002775</td>\n",
       "      <td>0.116107</td>\n",
       "      <td>0.015454</td>\n",
       "      <td>0.085845</td>\n",
       "      <td>-0.007275</td>\n",
       "      <td>0.001598</td>\n",
       "      <td>-0.004697</td>\n",
       "      <td>0.005688</td>\n",
       "      <td>-0.139905</td>\n",
       "      <td>-0.973281</td>\n",
       "      <td>-0.613537</td>\n",
       "    </tr>\n",
       "    <tr>\n",
       "      <th>dollars</th>\n",
       "      <td>0.002533</td>\n",
       "      <td>-0.002881</td>\n",
       "      <td>-0.000290</td>\n",
       "      <td>0.000031</td>\n",
       "      <td>0.583424</td>\n",
       "      <td>1.000000</td>\n",
       "      <td>-0.081646</td>\n",
       "      <td>0.000722</td>\n",
       "      <td>0.001370</td>\n",
       "      <td>0.079956</td>\n",
       "      <td>0.008115</td>\n",
       "      <td>0.068543</td>\n",
       "      <td>-0.002152</td>\n",
       "      <td>0.003290</td>\n",
       "      <td>0.000137</td>\n",
       "      <td>-0.003853</td>\n",
       "      <td>-0.083258</td>\n",
       "      <td>-0.574157</td>\n",
       "      <td>-0.843379</td>\n",
       "    </tr>\n",
       "    <tr>\n",
       "      <th>last</th>\n",
       "      <td>-0.008602</td>\n",
       "      <td>0.001381</td>\n",
       "      <td>-0.012345</td>\n",
       "      <td>-0.011061</td>\n",
       "      <td>-0.135637</td>\n",
       "      <td>-0.081646</td>\n",
       "      <td>1.000000</td>\n",
       "      <td>0.010799</td>\n",
       "      <td>-0.001412</td>\n",
       "      <td>-0.018021</td>\n",
       "      <td>0.004507</td>\n",
       "      <td>-0.100100</td>\n",
       "      <td>0.015536</td>\n",
       "      <td>0.003174</td>\n",
       "      <td>-0.002707</td>\n",
       "      <td>-0.002173</td>\n",
       "      <td>0.989895</td>\n",
       "      <td>0.136062</td>\n",
       "      <td>0.069442</td>\n",
       "    </tr>\n",
       "    <tr>\n",
       "      <th>sincepurch</th>\n",
       "      <td>-0.004941</td>\n",
       "      <td>0.000281</td>\n",
       "      <td>-0.003814</td>\n",
       "      <td>-0.004327</td>\n",
       "      <td>0.010710</td>\n",
       "      <td>0.000722</td>\n",
       "      <td>0.010799</td>\n",
       "      <td>1.000000</td>\n",
       "      <td>0.516243</td>\n",
       "      <td>0.001559</td>\n",
       "      <td>0.517050</td>\n",
       "      <td>0.076105</td>\n",
       "      <td>-0.003521</td>\n",
       "      <td>0.001968</td>\n",
       "      <td>-0.011012</td>\n",
       "      <td>0.013596</td>\n",
       "      <td>0.010084</td>\n",
       "      <td>-0.010875</td>\n",
       "      <td>-0.003135</td>\n",
       "    </tr>\n",
       "    <tr>\n",
       "      <th>version1</th>\n",
       "      <td>-0.010066</td>\n",
       "      <td>-0.003704</td>\n",
       "      <td>-0.009068</td>\n",
       "      <td>-0.010363</td>\n",
       "      <td>0.002775</td>\n",
       "      <td>0.001370</td>\n",
       "      <td>-0.001412</td>\n",
       "      <td>0.516243</td>\n",
       "      <td>1.000000</td>\n",
       "      <td>-0.081803</td>\n",
       "      <td>-0.268877</td>\n",
       "      <td>0.041380</td>\n",
       "      <td>-0.003057</td>\n",
       "      <td>-0.003382</td>\n",
       "      <td>0.006474</td>\n",
       "      <td>-0.004604</td>\n",
       "      <td>-0.000861</td>\n",
       "      <td>-0.005665</td>\n",
       "      <td>0.000375</td>\n",
       "    </tr>\n",
       "    <tr>\n",
       "      <th>owntaxprod</th>\n",
       "      <td>0.003038</td>\n",
       "      <td>0.005399</td>\n",
       "      <td>0.007811</td>\n",
       "      <td>0.008039</td>\n",
       "      <td>0.116107</td>\n",
       "      <td>0.079956</td>\n",
       "      <td>-0.018021</td>\n",
       "      <td>0.001559</td>\n",
       "      <td>-0.081803</td>\n",
       "      <td>1.000000</td>\n",
       "      <td>0.091460</td>\n",
       "      <td>0.012896</td>\n",
       "      <td>-0.001265</td>\n",
       "      <td>0.000876</td>\n",
       "      <td>0.005220</td>\n",
       "      <td>-0.008216</td>\n",
       "      <td>-0.018945</td>\n",
       "      <td>-0.135363</td>\n",
       "      <td>-0.096426</td>\n",
       "    </tr>\n",
       "    <tr>\n",
       "      <th>upgraded</th>\n",
       "      <td>-0.002295</td>\n",
       "      <td>0.004286</td>\n",
       "      <td>-0.000025</td>\n",
       "      <td>0.000302</td>\n",
       "      <td>0.015454</td>\n",
       "      <td>0.008115</td>\n",
       "      <td>0.004507</td>\n",
       "      <td>0.517050</td>\n",
       "      <td>-0.268877</td>\n",
       "      <td>0.091460</td>\n",
       "      <td>1.000000</td>\n",
       "      <td>0.061857</td>\n",
       "      <td>-0.006452</td>\n",
       "      <td>-0.000826</td>\n",
       "      <td>-0.013816</td>\n",
       "      <td>0.021307</td>\n",
       "      <td>0.004329</td>\n",
       "      <td>-0.014991</td>\n",
       "      <td>-0.010855</td>\n",
       "    </tr>\n",
       "    <tr>\n",
       "      <th>res1</th>\n",
       "      <td>-0.067746</td>\n",
       "      <td>-0.012441</td>\n",
       "      <td>-0.066572</td>\n",
       "      <td>-0.066915</td>\n",
       "      <td>0.085845</td>\n",
       "      <td>0.068543</td>\n",
       "      <td>-0.100100</td>\n",
       "      <td>0.076105</td>\n",
       "      <td>0.041380</td>\n",
       "      <td>0.012896</td>\n",
       "      <td>0.061857</td>\n",
       "      <td>1.000000</td>\n",
       "      <td>0.004420</td>\n",
       "      <td>-0.012714</td>\n",
       "      <td>0.013354</td>\n",
       "      <td>-0.004082</td>\n",
       "      <td>-0.101636</td>\n",
       "      <td>-0.079222</td>\n",
       "      <td>-0.065001</td>\n",
       "    </tr>\n",
       "    <tr>\n",
       "      <th>sex_B</th>\n",
       "      <td>-0.009454</td>\n",
       "      <td>-0.026705</td>\n",
       "      <td>-0.013720</td>\n",
       "      <td>-0.010725</td>\n",
       "      <td>-0.007275</td>\n",
       "      <td>-0.002152</td>\n",
       "      <td>0.015536</td>\n",
       "      <td>-0.003521</td>\n",
       "      <td>-0.003057</td>\n",
       "      <td>-0.001265</td>\n",
       "      <td>-0.006452</td>\n",
       "      <td>0.004420</td>\n",
       "      <td>1.000000</td>\n",
       "      <td>-0.024078</td>\n",
       "      <td>-0.065218</td>\n",
       "      <td>-0.018231</td>\n",
       "      <td>0.015647</td>\n",
       "      <td>0.006154</td>\n",
       "      <td>-0.003388</td>\n",
       "    </tr>\n",
       "    <tr>\n",
       "      <th>sex_F</th>\n",
       "      <td>0.042165</td>\n",
       "      <td>0.012127</td>\n",
       "      <td>0.034798</td>\n",
       "      <td>0.034556</td>\n",
       "      <td>0.001598</td>\n",
       "      <td>0.003290</td>\n",
       "      <td>0.003174</td>\n",
       "      <td>0.001968</td>\n",
       "      <td>-0.003382</td>\n",
       "      <td>0.000876</td>\n",
       "      <td>-0.000826</td>\n",
       "      <td>-0.012714</td>\n",
       "      <td>-0.024078</td>\n",
       "      <td>1.000000</td>\n",
       "      <td>-0.712216</td>\n",
       "      <td>-0.199094</td>\n",
       "      <td>0.003759</td>\n",
       "      <td>-0.001868</td>\n",
       "      <td>-0.001832</td>\n",
       "    </tr>\n",
       "    <tr>\n",
       "      <th>sex_M</th>\n",
       "      <td>-0.042447</td>\n",
       "      <td>-0.236845</td>\n",
       "      <td>-0.042820</td>\n",
       "      <td>-0.044303</td>\n",
       "      <td>-0.004697</td>\n",
       "      <td>0.000137</td>\n",
       "      <td>-0.002707</td>\n",
       "      <td>-0.011012</td>\n",
       "      <td>0.006474</td>\n",
       "      <td>0.005220</td>\n",
       "      <td>-0.013816</td>\n",
       "      <td>0.013354</td>\n",
       "      <td>-0.065218</td>\n",
       "      <td>-0.712216</td>\n",
       "      <td>1.000000</td>\n",
       "      <td>-0.539268</td>\n",
       "      <td>-0.003879</td>\n",
       "      <td>0.003430</td>\n",
       "      <td>-0.000755</td>\n",
       "    </tr>\n",
       "    <tr>\n",
       "      <th>sex_U</th>\n",
       "      <td>0.010227</td>\n",
       "      <td>0.321975</td>\n",
       "      <td>0.020208</td>\n",
       "      <td>0.022168</td>\n",
       "      <td>0.005688</td>\n",
       "      <td>-0.003853</td>\n",
       "      <td>-0.002173</td>\n",
       "      <td>0.013596</td>\n",
       "      <td>-0.004604</td>\n",
       "      <td>-0.008216</td>\n",
       "      <td>0.021307</td>\n",
       "      <td>-0.004082</td>\n",
       "      <td>-0.018231</td>\n",
       "      <td>-0.199094</td>\n",
       "      <td>-0.539268</td>\n",
       "      <td>1.000000</td>\n",
       "      <td>-0.001244</td>\n",
       "      <td>-0.003428</td>\n",
       "      <td>0.003736</td>\n",
       "    </tr>\n",
       "    <tr>\n",
       "      <th>r_decile</th>\n",
       "      <td>-0.006898</td>\n",
       "      <td>0.001927</td>\n",
       "      <td>-0.010549</td>\n",
       "      <td>-0.009526</td>\n",
       "      <td>-0.139905</td>\n",
       "      <td>-0.083258</td>\n",
       "      <td>0.989895</td>\n",
       "      <td>0.010084</td>\n",
       "      <td>-0.000861</td>\n",
       "      <td>-0.018945</td>\n",
       "      <td>0.004329</td>\n",
       "      <td>-0.101636</td>\n",
       "      <td>0.015647</td>\n",
       "      <td>0.003759</td>\n",
       "      <td>-0.003879</td>\n",
       "      <td>-0.001244</td>\n",
       "      <td>1.000000</td>\n",
       "      <td>0.140441</td>\n",
       "      <td>0.071433</td>\n",
       "    </tr>\n",
       "    <tr>\n",
       "      <th>f_decile</th>\n",
       "      <td>-0.011224</td>\n",
       "      <td>-0.004251</td>\n",
       "      <td>-0.009770</td>\n",
       "      <td>-0.009763</td>\n",
       "      <td>-0.973281</td>\n",
       "      <td>-0.574157</td>\n",
       "      <td>0.136062</td>\n",
       "      <td>-0.010875</td>\n",
       "      <td>-0.005665</td>\n",
       "      <td>-0.135363</td>\n",
       "      <td>-0.014991</td>\n",
       "      <td>-0.079222</td>\n",
       "      <td>0.006154</td>\n",
       "      <td>-0.001868</td>\n",
       "      <td>0.003430</td>\n",
       "      <td>-0.003428</td>\n",
       "      <td>0.140441</td>\n",
       "      <td>1.000000</td>\n",
       "      <td>0.632670</td>\n",
       "    </tr>\n",
       "    <tr>\n",
       "      <th>m_decile</th>\n",
       "      <td>-0.008712</td>\n",
       "      <td>0.005362</td>\n",
       "      <td>-0.005755</td>\n",
       "      <td>-0.006010</td>\n",
       "      <td>-0.613537</td>\n",
       "      <td>-0.843379</td>\n",
       "      <td>0.069442</td>\n",
       "      <td>-0.003135</td>\n",
       "      <td>0.000375</td>\n",
       "      <td>-0.096426</td>\n",
       "      <td>-0.010855</td>\n",
       "      <td>-0.065001</td>\n",
       "      <td>-0.003388</td>\n",
       "      <td>-0.001832</td>\n",
       "      <td>-0.000755</td>\n",
       "      <td>0.003736</td>\n",
       "      <td>0.071433</td>\n",
       "      <td>0.632670</td>\n",
       "      <td>1.000000</td>\n",
       "    </tr>\n",
       "  </tbody>\n",
       "</table>\n",
       "</div>"
      ],
      "text/plain": [
       "                  id   bizflag       zip  zip_bins   numords   dollars  \\\n",
       "id          1.000000  0.019549  0.951592  0.950288  0.011851  0.002533   \n",
       "bizflag     0.019549  1.000000  0.020482  0.019832  0.004448 -0.002881   \n",
       "zip         0.951592  0.020482  1.000000  0.991646  0.010041 -0.000290   \n",
       "zip_bins    0.950288  0.019832  0.991646  1.000000  0.010408  0.000031   \n",
       "numords     0.011851  0.004448  0.010041  0.010408  1.000000  0.583424   \n",
       "dollars     0.002533 -0.002881 -0.000290  0.000031  0.583424  1.000000   \n",
       "last       -0.008602  0.001381 -0.012345 -0.011061 -0.135637 -0.081646   \n",
       "sincepurch -0.004941  0.000281 -0.003814 -0.004327  0.010710  0.000722   \n",
       "version1   -0.010066 -0.003704 -0.009068 -0.010363  0.002775  0.001370   \n",
       "owntaxprod  0.003038  0.005399  0.007811  0.008039  0.116107  0.079956   \n",
       "upgraded   -0.002295  0.004286 -0.000025  0.000302  0.015454  0.008115   \n",
       "res1       -0.067746 -0.012441 -0.066572 -0.066915  0.085845  0.068543   \n",
       "sex_B      -0.009454 -0.026705 -0.013720 -0.010725 -0.007275 -0.002152   \n",
       "sex_F       0.042165  0.012127  0.034798  0.034556  0.001598  0.003290   \n",
       "sex_M      -0.042447 -0.236845 -0.042820 -0.044303 -0.004697  0.000137   \n",
       "sex_U       0.010227  0.321975  0.020208  0.022168  0.005688 -0.003853   \n",
       "r_decile   -0.006898  0.001927 -0.010549 -0.009526 -0.139905 -0.083258   \n",
       "f_decile   -0.011224 -0.004251 -0.009770 -0.009763 -0.973281 -0.574157   \n",
       "m_decile   -0.008712  0.005362 -0.005755 -0.006010 -0.613537 -0.843379   \n",
       "\n",
       "                last  sincepurch  version1  owntaxprod  upgraded      res1  \\\n",
       "id         -0.008602   -0.004941 -0.010066    0.003038 -0.002295 -0.067746   \n",
       "bizflag     0.001381    0.000281 -0.003704    0.005399  0.004286 -0.012441   \n",
       "zip        -0.012345   -0.003814 -0.009068    0.007811 -0.000025 -0.066572   \n",
       "zip_bins   -0.011061   -0.004327 -0.010363    0.008039  0.000302 -0.066915   \n",
       "numords    -0.135637    0.010710  0.002775    0.116107  0.015454  0.085845   \n",
       "dollars    -0.081646    0.000722  0.001370    0.079956  0.008115  0.068543   \n",
       "last        1.000000    0.010799 -0.001412   -0.018021  0.004507 -0.100100   \n",
       "sincepurch  0.010799    1.000000  0.516243    0.001559  0.517050  0.076105   \n",
       "version1   -0.001412    0.516243  1.000000   -0.081803 -0.268877  0.041380   \n",
       "owntaxprod -0.018021    0.001559 -0.081803    1.000000  0.091460  0.012896   \n",
       "upgraded    0.004507    0.517050 -0.268877    0.091460  1.000000  0.061857   \n",
       "res1       -0.100100    0.076105  0.041380    0.012896  0.061857  1.000000   \n",
       "sex_B       0.015536   -0.003521 -0.003057   -0.001265 -0.006452  0.004420   \n",
       "sex_F       0.003174    0.001968 -0.003382    0.000876 -0.000826 -0.012714   \n",
       "sex_M      -0.002707   -0.011012  0.006474    0.005220 -0.013816  0.013354   \n",
       "sex_U      -0.002173    0.013596 -0.004604   -0.008216  0.021307 -0.004082   \n",
       "r_decile    0.989895    0.010084 -0.000861   -0.018945  0.004329 -0.101636   \n",
       "f_decile    0.136062   -0.010875 -0.005665   -0.135363 -0.014991 -0.079222   \n",
       "m_decile    0.069442   -0.003135  0.000375   -0.096426 -0.010855 -0.065001   \n",
       "\n",
       "               sex_B     sex_F     sex_M     sex_U  r_decile  f_decile  \\\n",
       "id         -0.009454  0.042165 -0.042447  0.010227 -0.006898 -0.011224   \n",
       "bizflag    -0.026705  0.012127 -0.236845  0.321975  0.001927 -0.004251   \n",
       "zip        -0.013720  0.034798 -0.042820  0.020208 -0.010549 -0.009770   \n",
       "zip_bins   -0.010725  0.034556 -0.044303  0.022168 -0.009526 -0.009763   \n",
       "numords    -0.007275  0.001598 -0.004697  0.005688 -0.139905 -0.973281   \n",
       "dollars    -0.002152  0.003290  0.000137 -0.003853 -0.083258 -0.574157   \n",
       "last        0.015536  0.003174 -0.002707 -0.002173  0.989895  0.136062   \n",
       "sincepurch -0.003521  0.001968 -0.011012  0.013596  0.010084 -0.010875   \n",
       "version1   -0.003057 -0.003382  0.006474 -0.004604 -0.000861 -0.005665   \n",
       "owntaxprod -0.001265  0.000876  0.005220 -0.008216 -0.018945 -0.135363   \n",
       "upgraded   -0.006452 -0.000826 -0.013816  0.021307  0.004329 -0.014991   \n",
       "res1        0.004420 -0.012714  0.013354 -0.004082 -0.101636 -0.079222   \n",
       "sex_B       1.000000 -0.024078 -0.065218 -0.018231  0.015647  0.006154   \n",
       "sex_F      -0.024078  1.000000 -0.712216 -0.199094  0.003759 -0.001868   \n",
       "sex_M      -0.065218 -0.712216  1.000000 -0.539268 -0.003879  0.003430   \n",
       "sex_U      -0.018231 -0.199094 -0.539268  1.000000 -0.001244 -0.003428   \n",
       "r_decile    0.015647  0.003759 -0.003879 -0.001244  1.000000  0.140441   \n",
       "f_decile    0.006154 -0.001868  0.003430 -0.003428  0.140441  1.000000   \n",
       "m_decile   -0.003388 -0.001832 -0.000755  0.003736  0.071433  0.632670   \n",
       "\n",
       "            m_decile  \n",
       "id         -0.008712  \n",
       "bizflag     0.005362  \n",
       "zip        -0.005755  \n",
       "zip_bins   -0.006010  \n",
       "numords    -0.613537  \n",
       "dollars    -0.843379  \n",
       "last        0.069442  \n",
       "sincepurch -0.003135  \n",
       "version1    0.000375  \n",
       "owntaxprod -0.096426  \n",
       "upgraded   -0.010855  \n",
       "res1       -0.065001  \n",
       "sex_B      -0.003388  \n",
       "sex_F      -0.001832  \n",
       "sex_M      -0.000755  \n",
       "sex_U       0.003736  \n",
       "r_decile    0.071433  \n",
       "f_decile    0.632670  \n",
       "m_decile    1.000000  "
      ]
     },
     "execution_count": 3,
     "metadata": {},
     "output_type": "execute_result"
    }
   ],
   "source": [
    "# Add transformational ordinal and indicator variables\n",
    "data = pandas.get_dummies(data, columns=['sex'])\n",
    "\n",
    "# Define deciles for RFM\n",
    "data['r_decile'] = mba263.ntile(data['last'], 10)\n",
    "data['f_decile'] = mba263.ntile(data['numords'], 10)\n",
    "data['m_decile'] = mba263.ntile(data['dollars'], 10)\n",
    "\n",
    "# Reverse frequency and monetary deciles where we want higher first\n",
    "data['f_decile'] = 9 - data['f_decile']\n",
    "data['m_decile'] = 9 - data['m_decile']\n",
    "\n",
    "# Explore variable correlation\n",
    "data.corr()"
   ]
  },
  {
   "cell_type": "code",
   "execution_count": 4,
   "id": "2b8d2354",
   "metadata": {},
   "outputs": [],
   "source": [
    "# Construct interactions based on \n",
    "data['sincepurch_version1'] = data['sincepurch'] * data['version1']\n",
    "data['numords_dollars'] = data['numords'] * data['dollars']\n",
    "data['unknown_bizflag'] = data['sex_U'] * data['bizflag']\n",
